1111111111111111111111111111111111111111111111111111
1111111111111111111111111111111111111111111111111111
1111111111111111111111111111111111111111111111111111
1111111111111111111111111111111111111111111111111111
1111111111111111111111111111111111111111111111111111
1111111111555555555555555555555555555111111111111111
1111111111111111111111151111111111111111111111111111
1111111111111111111111151111111111111111111111111111
1111111111111111111111151111111111111111111111111111
1111111111111111111111151111111111111111111111111111
1111111111111111111111151111111111111111111111111111
1111111111111111111111151111111111111111111111111111
1111111111151111111111151111111111111111111111111111
1111111111155111111111511111111111111111111111111111
1111111111111551111115111111111111111111111111111111
1111111111111115555551111111111111111111111111111111
1111111111111111111111111111111111111111111111111111
1111111111111111111111111111111111111111111111111111
1111111111111111111111111111111111111111111111111111